%YAML:1.0

# Calibration-only profile. Do not use this configuration for flight control.
imu: 1
num_of_cam: 2

imu_topic: "/mavros/imu/data"
image0_topic: "/camera/infra1/image_rect_raw"
image1_topic: "/camera/infra2/image_rect_raw"

output_path: "/home/uav/Desktop/uav_project/gameuav/runtime/vins_online_calibration"
save_result: 1

# The live image_rect_raw camera_info reports rectified images with D=0.
cam0_calib: "left_online_calibration.yaml"
cam1_calib: "right_online_calibration.yaml"
image_width: 640
image_height: 480

# Optimize around the latest fixed result. These remain initial guesses only.
estimate_extrinsic: 1
body_T_cam0: !!opencv-matrix
   rows: 4
   cols: 4
   dt: d
   data: [-0.016096545061367262, -0.015700903811747269,
          0.9997471594641227, 0.07055112327864391,
          -0.9996642639079700, -0.020051620227017786,
          -0.016410118573861265, 0.004686868613006284,
          0.020304204057881858, -0.9996756544728727,
          -0.015372870643122871, 0.09358857872565511,
          0.0, 0.0, 0.0, 1.0]
body_T_cam1: !!opencv-matrix
   rows: 4
   cols: 4
   dt: d
   data: [-0.015918100875102592, -0.015750094252152513,
          0.9997492428582173, 0.06939098895200034,
          -0.9996688781746539, -0.019966880042650459,
          -0.016231380421639519, -0.045520639979554404,
          0.020217518976363646, -0.9996765768149273,
          -0.015427044241514754, 0.09432101771237010,
          0.0, 0.0, 0.0, 1.0]

multiple_thread: 1

max_cnt: 150
min_dist: 30
freq: 10
F_threshold: 1.0
show_track: 1
flow_back: 1

max_solver_time: 0.04
max_num_iterations: 8
keyframe_parallax: 10.0

# Values from the existing IMU noise calibration; revalidate for the live topic.
acc_n: 0.02622310268743605
gyr_n: 0.060450171300378906
acc_w: 0.000684458766347085
gyr_w: 0.0016224083807518657
g_norm: 9.805

estimate_td: 1
td: 0.0017191652713265113

load_previous_pose_graph: 0
pose_graph_save_path: "/home/uav/Desktop/uav_project/gameuav/runtime/vins_online_calibration/pose_graph"
save_image: 0
