%YAML:1.0
---
model_type: PINHOLE
camera_name: camera
image_width: 640
image_height: 480
distortion_parameters:
   k1: 0.0
   k2: 0.0
   p1: 0.0
   p2: 0.0
projection_parameters:
   fx: 386.6515197753906
   fy: 386.6515197753906
   cx: 322.40374755859375
   cy: 244.408203125
